dtt=6.281714e-21
t=4.019563e+04
S-0=0.000000e+00
S-1=3.488472e+01
S-2=1.809238e+01
S-3=2.554901e-21
S-4=7.476603e+00
outflow_corr_factor-0=2.317056e-07
outflow_corr_factor-1=1.000000e+00
outflow_corr_factor-2=1.000000e+00
outflow_corr_factor-3=1.000000e+00
outflow_corr_factor-4=1.000000e+00
fixed_status-0=0
fixed_status-1=0
fixed_status-2=0
fixed_status-3=0
fixed_status-4=0
