dtt=3.725290e-11
t=4.017900e+04
S-0=0.000000e+00
S-1=3.500000e+01
S-2=1.800000e+01
S-3=4.000000e+00
S-4=8.000000e+00
outflow_corr_factor-0=1.000000e+00
outflow_corr_factor-1=1.000000e+00
outflow_corr_factor-2=1.000000e+00
outflow_corr_factor-3=1.000000e+00
outflow_corr_factor-4=1.000000e+00
fixed_status-0=0
fixed_status-1=0
fixed_status-2=0
fixed_status-3=0
fixed_status-4=0
